# profondeur = 4

D:\PROJET GOMOKU\Version1.2>python test1.2.py



JOUEUR 1
Coordonnes i,j : 4,4
 ________________________________________

|-10 |-10 |-10 |-10 |-10 |-10 |-10 |-10 |
 ________________________________________

|-10 |-10 |-10 |-10 |-10 |-10 |-10 |-10 |
 ________________________________________

|-10 |-10 |-10 |-10 |-10 |-10 |-10 |-10 |
 ________________________________________

|-10 |-10 |-10 |-10 |-10 |-10 |-10 |-10 |
 ________________________________________

|-10 |-10 |-10 |-10 | 1  |-10 |-10 |-10 |
 ________________________________________

|-10 |-10 |-10 |-10 |-10 |-10 |-10 |-10 |
 ________________________________________

|-10 |-10 |-10 |-10 |-10 |-10 |-10 |-10 |
 ________________________________________

|-10 |-10 |-10 |-10 |-10 |-10 |-10 |-10 |
 ________________________________________



JOUEUR 2

Temps de rflexion : 36 secondes
 ________________________________________

|-10 |-10 |-10 |-10 |-10 |-10 |-10 |-10 |
 ________________________________________

|-10 |-10 |-10 |-10 |-10 |-10 |-10 |-10 |
 ________________________________________

|-10 |-10 |-10 |-10 |-10 |-10 |-10 |-10 |
 ________________________________________

|-10 |-10 |-10 | -1 |-10 |-10 |-10 |-10 |
 ________________________________________

|-10 |-10 |-10 |-10 | 1  |-10 |-10 |-10 |
 ________________________________________

|-10 |-10 |-10 |-10 |-10 |-10 |-10 |-10 |
 ________________________________________

|-10 |-10 |-10 |-10 |-10 |-10 |-10 |-10 |
 ________________________________________

|-10 |-10 |-10 |-10 |-10 |-10 |-10 |-10 |
 ________________________________________



JOUEUR 1
Coordonnes i,j : 2,2
 ________________________________________

|-10 |-10 |-10 |-10 |-10 |-10 |-10 |-10 |
 ________________________________________

|-10 |-10 |-10 |-10 |-10 |-10 |-10 |-10 |
 ________________________________________

|-10 |-10 | 1  |-10 |-10 |-10 |-10 |-10 |
 ________________________________________

|-10 |-10 |-10 | -1 |-10 |-10 |-10 |-10 |
 ________________________________________

|-10 |-10 |-10 |-10 | 1  |-10 |-10 |-10 |
 ________________________________________

|-10 |-10 |-10 |-10 |-10 |-10 |-10 |-10 |
 ________________________________________

|-10 |-10 |-10 |-10 |-10 |-10 |-10 |-10 |
 ________________________________________

|-10 |-10 |-10 |-10 |-10 |-10 |-10 |-10 |
 ________________________________________



JOUEUR 2

Temps de rflexion : 216 secondes
 ________________________________________

|-10 |-10 |-10 |-10 |-10 |-10 |-10 |-10 |
 ________________________________________

|-10 | -1 |-10 |-10 |-10 |-10 |-10 |-10 |
 ________________________________________

|-10 |-10 | 1  |-10 |-10 |-10 |-10 |-10 |
 ________________________________________

|-10 |-10 |-10 | -1 |-10 |-10 |-10 |-10 |
 ________________________________________

|-10 |-10 |-10 |-10 | 1  |-10 |-10 |-10 |
 ________________________________________

|-10 |-10 |-10 |-10 |-10 |-10 |-10 |-10 |
 ________________________________________

|-10 |-10 |-10 |-10 |-10 |-10 |-10 |-10 |
 ________________________________________

|-10 |-10 |-10 |-10 |-10 |-10 |-10 |-10 |
 ________________________________________



JOUEUR 1
Coordonnes i,j : 5,5
 ________________________________________

|-10 |-10 |-10 |-10 |-10 |-10 |-10 |-10 |
 ________________________________________

|-10 | -1 |-10 |-10 |-10 |-10 |-10 |-10 |
 ________________________________________

|-10 |-10 | 1  |-10 |-10 |-10 |-10 |-10 |
 ________________________________________

|-10 |-10 |-10 | -1 |-10 |-10 |-10 |-10 |
 ________________________________________

|-10 |-10 |-10 |-10 | 1  |-10 |-10 |-10 |
 ________________________________________

|-10 |-10 |-10 |-10 |-10 | 1  |-10 |-10 |
 ________________________________________

|-10 |-10 |-10 |-10 |-10 |-10 |-10 |-10 |
 ________________________________________

|-10 |-10 |-10 |-10 |-10 |-10 |-10 |-10 |
 ________________________________________



JOUEUR 2

Temps de rflexion : 726 secondes
 ________________________________________

| -1 |-10 |-10 |-10 |-10 |-10 |-10 |-10 |
 ________________________________________

|-10 | -1 |-10 |-10 |-10 |-10 |-10 |-10 |
 ________________________________________

|-10 |-10 | 1  |-10 |-10 |-10 |-10 |-10 |
 ________________________________________

|-10 |-10 |-10 | -1 |-10 |-10 |-10 |-10 |
 ________________________________________

|-10 |-10 |-10 |-10 | 1  |-10 |-10 |-10 |
 ________________________________________

|-10 |-10 |-10 |-10 |-10 | 1  |-10 |-10 |
 ________________________________________

|-10 |-10 |-10 |-10 |-10 |-10 |-10 |-10 |
 ________________________________________

|-10 |-10 |-10 |-10 |-10 |-10 |-10 |-10 |
 ________________________________________



JOUEUR 1
Coordonnes i,j : 2,3
 ________________________________________

| -1 |-10 |-10 |-10 |-10 |-10 |-10 |-10 |
 ________________________________________

|-10 | -1 |-10 |-10 |-10 |-10 |-10 |-10 |
 ________________________________________

|-10 |-10 | 1  | 1  |-10 |-10 |-10 |-10 |
 ________________________________________

|-10 |-10 |-10 | -1 |-10 |-10 |-10 |-10 |
 ________________________________________

|-10 |-10 |-10 |-10 | 1  |-10 |-10 |-10 |
 ________________________________________

|-10 |-10 |-10 |-10 |-10 | 1  |-10 |-10 |
 ________________________________________

|-10 |-10 |-10 |-10 |-10 |-10 |-10 |-10 |
 ________________________________________

|-10 |-10 |-10 |-10 |-10 |-10 |-10 |-10 |
 ________________________________________



JOUEUR 2

Temps de rflexion : 630 secondes
 ________________________________________

| -1 | -1 |-10 |-10 |-10 |-10 |-10 |-10 |
 ________________________________________

|-10 | -1 |-10 |-10 |-10 |-10 |-10 |-10 |
 ________________________________________

|-10 |-10 | 1  | 1  |-10 |-10 |-10 |-10 |
 ________________________________________

|-10 |-10 |-10 | -1 |-10 |-10 |-10 |-10 |
 ________________________________________

|-10 |-10 |-10 |-10 | 1  |-10 |-10 |-10 |
 ________________________________________

|-10 |-10 |-10 |-10 |-10 | 1  |-10 |-10 |
 ________________________________________

|-10 |-10 |-10 |-10 |-10 |-10 |-10 |-10 |
 ________________________________________

|-10 |-10 |-10 |-10 |-10 |-10 |-10 |-10 |
 ________________________________________



JOUEUR 1
Coordonnes i,j : 2,4
 ________________________________________

| -1 | -1 |-10 |-10 |-10 |-10 |-10 |-10 |
 ________________________________________

|-10 | -1 |-10 |-10 |-10 |-10 |-10 |-10 |
 ________________________________________

|-10 |-10 | 1  | 1  | 1  |-10 |-10 |-10 |
 ________________________________________

|-10 |-10 |-10 | -1 |-10 |-10 |-10 |-10 |
 ________________________________________

|-10 |-10 |-10 |-10 | 1  |-10 |-10 |-10 |
 ________________________________________

|-10 |-10 |-10 |-10 |-10 | 1  |-10 |-10 |
 ________________________________________

|-10 |-10 |-10 |-10 |-10 |-10 |-10 |-10 |
 ________________________________________

|-10 |-10 |-10 |-10 |-10 |-10 |-10 |-10 |
 ________________________________________



JOUEUR 2

Temps de rflexion : 25 secondes
 ________________________________________

| -1 | -1 | -1 |-10 |-10 |-10 |-10 |-10 |
 ________________________________________

|-10 | -1 |-10 |-10 |-10 |-10 |-10 |-10 |
 ________________________________________

|-10 |-10 | 1  | 1  | 1  |-10 |-10 |-10 |
 ________________________________________

|-10 |-10 |-10 | -1 |-10 |-10 |-10 |-10 |
 ________________________________________

|-10 |-10 |-10 |-10 | 1  |-10 |-10 |-10 |
 ________________________________________

|-10 |-10 |-10 |-10 |-10 | 1  |-10 |-10 |
 ________________________________________

|-10 |-10 |-10 |-10 |-10 |-10 |-10 |-10 |
 ________________________________________

|-10 |-10 |-10 |-10 |-10 |-10 |-10 |-10 |
 ________________________________________



JOUEUR 1
Coordonnes i,j : 1,3
 ________________________________________

| -1 | -1 | -1 |-10 |-10 |-10 |-10 |-10 |
 ________________________________________

|-10 | -1 |-10 | 1  |-10 |-10 |-10 |-10 |
 ________________________________________

|-10 |-10 | 1  | 1  | 1  |-10 |-10 |-10 |
 ________________________________________

|-10 |-10 |-10 | -1 |-10 |-10 |-10 |-10 |
 ________________________________________

|-10 |-10 |-10 |-10 | 1  |-10 |-10 |-10 |
 ________________________________________

|-10 |-10 |-10 |-10 |-10 | 1  |-10 |-10 |
 ________________________________________

|-10 |-10 |-10 |-10 |-10 |-10 |-10 |-10 |
 ________________________________________

|-10 |-10 |-10 |-10 |-10 |-10 |-10 |-10 |
 ________________________________________



JOUEUR 2

Temps de rflexion : 22 secondes
 ________________________________________

| -1 | -1 | -1 | -1 |-10 |-10 |-10 |-10 |
 ________________________________________

|-10 | -1 |-10 | 1  |-10 |-10 |-10 |-10 |
 ________________________________________

|-10 |-10 | 1  | 1  | 1  |-10 |-10 |-10 |
 ________________________________________

|-10 |-10 |-10 | -1 |-10 |-10 |-10 |-10 |
 ________________________________________

|-10 |-10 |-10 |-10 | 1  |-10 |-10 |-10 |
 ________________________________________

|-10 |-10 |-10 |-10 |-10 | 1  |-10 |-10 |
 ________________________________________

|-10 |-10 |-10 |-10 |-10 |-10 |-10 |-10 |
 ________________________________________

|-10 |-10 |-10 |-10 |-10 |-10 |-10 |-10 |
 ________________________________________




D:\PROJET GOMOKU\Version1.2>